4349
15644
9968
9522
632
8540
6772
11559
10591
13983
12284
14809
8747
7677
15081
11724
10465
2854
10411
2593
2731
12659
571
11308
5019
13611
8157
11834
9844
11615
6640
15146
7871
10665
5995
12371
15425
4032
5338
2599
11942
9447
9995
15013
10724
12390
8979
11780
3365
6121
5079
12241
7499
2808
9170
7905
10432
12152
13681
3948
10636
14139
5382
14290
978
11273
8364
11652
7145
2791
14839
15159
6052
5799
9670
4134
4973
13306
4368
11260
13964
3686
8988
4788
7296
11866
11886
234
4887
9790
6131
6073
4815
12610
9156
3149
9108
1356
12812
12725
60
3470
8792
15964
5284
9092
6555
2035
3652
4614
10728
10240
867
2509
12510
14090
7704
14087
9563
6198
357
3525
14219
7207
12534
6724
230
4538
12966
2875
12839
5522
2811
12056
6850
13276
8607
5203
12219
3546
14965
5053
2496
2781
10051
2835
15518
2570
13698
5688
326
12877
8415
13580
1108
15558
9014
8504
3292
12063
11550
511
2170
7402
13689
9868
6874
13387
10380
5429
13906
9195
1656
620
5890
5645
619
2639
6955
9482
7505
6380
11969
12927
3130
3581
6157
14643
13500
14622
12337
700
10669
7162
3568
1268
5188
339
10648
3650
2386
11581
1840
2204
4678
15734
3189
15570
1115
8033
14773
3
8930
7418
2485
1225
12284
5312
1232
11063
11234
3661
1528
15849
4009
5296
1332
642
9594
5362
6365
8530
14420
4268
1523
14789
3086
12177
15474
2147
11963
9962
5139
1376
11166
6212
9754
2712
10506
9767
8723
7181
15710
3071
1784
12735
5710
6066
9312
4488
2091
2523
6963
12874
8083
13467
12203
8145
7333
6434
7306
1834
8021
9923
3906
10423
4479
4042
8
1394
3135
10193
7840
7319
9599
8841
4710
2288
8474
2385
15618
12287
2821
10071
6480
13210
806
1555
5900
8528
6511
455
13692
11764
9249
3726
14111
1036
15845
14064
1250
11409
2494
5884
15159
3217
12276
11698
12708
14093
13653
11261
2979
14953
4726
8683
5693
4073
11997
3405
13052
14668
12514
6989
9
11688
14928
1067
10668
10366
5652
9869
2965
8789
12280
11867
12333
335
7371
7504
7933
4185
7334
4591
11350
12623
6995
10758
15838
5350
10297
10510
11290
14181
14291
10906
12574
15183
4069
5949
13377
13204
14473
11234
13706
2818
12751
1606
4661
10239
2330
7860
4528
145
15134
10394
8591
3808
1001
14573
3741
2693
10397
1403
7326
3770
13319
14782
765
4569
6738
3717
12711
5571
2604
15010
15142
12887
503
9152
7542
11408
15731
15105
983
2394
3470
15384
11307
1578
627
1049
351
12820
13439
7733
2682
2228
10870
11172
9717
2547
6839
2358
7409
1836
9654
15386
63
11033
7104
2704
6394
7703
15420
8227
4542
1245
9567
3511
4649
1059
3557
8640
11709
1963
11071
1738
9952
4986
11573
477
6547
4537
6488
5399
13290
1560
5518
8424
13641
12038
15861
11653
4985
3756
2781
15565
11202
13627
4389
12649
8026
4091
15523
3113
5283
868
9626
12694
1257
14422
14760
5498
5958
5018
14948
11881
12860
9544
11986
6558
3806
6533
15150
7882
11946
7119
13905
3615
5530
15797
15313
2864
15514
10278
6801
3012
5641
7815
7176
2493
3252
3321
14617
3899
10818
2848
9711
4971
5087
6949
1539
5138
5595
4538
7826
10246
8809
5805
13137
7792
2547
5419
10387
5199
10523
9286
8493
4523
6226
12644
13027
3426
12049
2290
7438
14064
15267
3923
13961
12753
9259
13571
10908
13578
1816
2261
1292
12186
1634
5741
5087
12734
12099
7991
6375
4613
5935
4707
6445
8361
1412
2543
15121
12045
2125
8995
3116
7990
13939
4974
12815
3666
15100
5331
4328
6363
942
8280
7635
11608
3365
3617
14104
12765
8427
2818
4977
8411
4955
12150
15220
7998
10951
15013
7262
12465
8126
5816
1806
8399
5648
4647
9472
2725
9818
8978
8790
3471
13761
1699
1912
7283
12154
14753
8089
9213
9705
15433
14009
5918
14729
8623
14962
12271
7726
14497
562
5606
247
9884
14363
8024
13643
9444
3599
2989
3936
9197
5591
8536
56
12418
8696
2843
7588
12074
11278
6450
11871
9549
3115
9723
11729
14715
3785
5906
11886
13684
10577
14524
5196
4120
8856
7451
13384
14942
3300
9202
13682
9004
15830
8146
4867
11843
3281
15888
14590
15414
13881
14988
1910
8808
11279
9402
240
4794
9960
1380
14514
15638
463
4807
2898
3722
2888
11303
14136
15467
8417
4713
4299
3744
2650
5466
1271
14519
8435
2903
14087
12679
7902
3816
10447
8599
2145
11245
10640
3820
11091
1213
12257
13375
6069
14078
14842
2680
8060
12873
12085
1445
5662
7048
3349
11395
14859
10207
5156
12704
9034
13275
13575
6923
87
11766
5651
6845
10732
7701
8127
2710
4449
9798
6567
6857
8628
12101
9084
3954
3935
6610
10544
7027
8050
6314
2537
6486
5211
7425
13335
12328
12752
6855
1790
14589
11596
4212
4725
3949
15489
15671
12346
13810
2651
4161
15550
9686
14296
3612
13967
4229
14559
2929
11640
14861
13106
11619
6972
1785
5023
4758
15013
11498
14191
4480
7479
5190
10516
6426
9369
1709
2352
5993
4204
196
10745
12817
6061
7741
12944
139
5561
5145
11570
10925
7760
10116
7243
7962
5806
10230
2891
6262
10357
1082
9672
5316
6870
8839
8487
10845
7212
7625
7144
4974
15011
2454
12554
4020
5202
2222
10016
3750
12467
289
8498
6880
849
15630
2630
937
11953
4536
9940
14388
2387
13290
12765
5751
11195
13777
4952
14404
6888
3257
6767
822
2161
148
12611
6411
6296
13067
4265
12370
10642
2725
8970
676
4429
2222
2127
9506
164
9937
8415
10945
32
9960
1305
9122
15725
12563
7717
11629
13587
15690
12661
12430
5944
7947
5391
5863
3017
5116
8458
6218
15350
12834
13585
12507
3259
14088
15451
1855
6559
9082
14180
10265
4553
4313
10841
4059
11921
426
14537
1226
5882
3572
14181
6536
5462
8959
10843
1322
7762
14326
7176
12274
1135
8580
14209
813
8318
14587
8283
1165
8373
987
1721
12337
15814
1991
12472
1613
4101
14062
7952
493
15870
15902
2183
2378
12029
1817
3149
7042
12449
1928
15754
14967
9566
8218
3934
494
13389
13891
1804
1631
9868
10192
3409
9992
9630
12918
5199
12792
9424
6062
14413
9845
2338
13017
11705
11592
4462
3350
13314
12602
15317
8540
12628
5461
2892
12506
10110
3452
11825
518
15406
6095
6751
2741
6585
14899
11057
8199
14185
12211
4982
7415
3748
7312
14065
14343
2711
5067
5215
14153
8141
2588
11097
324
8548
14048
7017
5597
6383
15307
9456
5574
14768
3009
6191
12556
12689
15368
13128
10769
2014
10388
2397
5909
6177
7807
4128
9568
15393
1562
10793
2366
6575
7044
5063
14331
3393
4812
5053
14174
12006
15016
2749
3279
5729
5233
2785
12385
15422
11803
3301
10924
2974
5119
215
2986
15408
2954
6996
14379
9148
14118
11732
5753
13894
13695
40
2830
4443
3606
11283
1602
5061
13307
15384
9650
2096
9418
14965
3376
15920
5189
12111
4131
1702
7636
8181
3215
6747
1408
7480
1676
8913
12493
9386
6723
3659
12996
12614
14856
9815
10137
9115
4624
606
11173
4280
13549
292
13647
2077
2213
15937
9778
13598
198
12811
11511
7367
15934
12061
6362
4379
2841
3212
5524
12046
12617
6670
10952
5556
12940
14635
1132
1969
10254
13331
11095
2634
5608
14320
2696
10413
14608
11101
10236
873
9590
10777
5380
2072
14050
6940
8423
13509
4040
7100
2028
11048
3712
5058
3559
6913
12507
12263
10565
11206
7665
13490
1908
5457
2458
4189
14118
1507
14228
12147
10680
11122
15405
14212
4768
12899
8082
5567
5061
3693
11801
5499
1077
10414
15570
9823
15469
1284
4835
7114
12111
4491
12444
14940
3925
6951
7962
10083
14316
96
12091
5953
438
11795
10210
340
1720
13108
3180
9646
4461
2277
10194
2812
11232
377
725
13404
13528
8292
8180
1816
7761
11328
12683
10252
7036
9585
1014
11496
14808
7654
4195
7403
2171
9429
4312
4732
14564
1968
6519
11029
12517
6336
8775
5887
4332
14691
12270
14567
8594
11343
10063
3608
10701
8871
12940
2432
9847
4759
6190
3757
10445
13529
1184
13853
12195
9588
11094
5157
4515
549
14637
8617
15068
14262
15551
7082
10827
4931
3716
9362
10971
9855
8339
15348
9561
13393
3491
14236
6883
9104
8025
1347
3836
11930
7129
4320
14601
10026
3187
11854
10174
6556
2717
9539
4283
3566
1258
6693
7782
14423
1202
8060
1069
4344
15062
12267
900
14043
11783
465
14284
9329
12655
2990
9689
11375
6536
12278
7923
15455
8208
15768
447
12921
13035
15120
11416
3099
1394
15516
5530
11408
7346
12094
15785
4364
9986
5194
15738
9845
2980
13735
6712
12364
4138
14639
7019
9555
7403
10898
13156
1647
198
5136
5293
12135
4500
3339
10637
5291
3199
720
12656
7322
5474
4987
12070
8689
13993
6364
12660
10645
4876
1256
6848
4575
421
4934
14254
11690
3322
15114
13900
3060
2080
6657
3830
9688
2962
15985
15242
4375
8178
9466
5814
10301
6583
11360
14376
10779
4066
15516
15431
9543
11558
9040
7626
2210
114
6863
7451
10903
4208
2197
3551
12880
14256
8477
11142
7477
133
8651
3351
4845
7552
11410
7075
14784
10487
12496
4906
3823
12375
8971
5989
14302
12061
6295
1987
1578
7600
3719
794
2992
8394
5775
3566
9134
1411
4249
3948
7080
3428
5505
9050
12583
12360
6342
3256
13007
8159
10786
6329
1672
15972
14398
647
10599
95
11574
7770
4257
6911
1356
12412
5665
3350
11944
7208
7317
11690
7368
8421
6988
4659
5784
15392
8663
11818
15513
7729
245
13504
10426
4906
15581
6967
10551
5189
9345
13594
8127
3674
8427
12635
4407
2289
7346
6670
2655
4064
2322
12321
13961
13343
15518
8629
6526
12126
12176
7903
898
7569
11656
2030
7268
15071
6144
13848
15048
1630
6486
3235
7747
2400
4684
12230
8588
13834
14213
12617
1525
2502
12164
6466
11782
8530
9953
1746
567
3628
4506
5262
2474
2010
4853
11737
57
10603
11428
5608
4479
8153
14350
8358
1397
4469
4999
7938
11850
15484
12608
13899
12005
14742
9807
13085
13520
3401
13498
8749
4850
1048
5152
5905
4410
2441
476
14270
9251
4246
9248
5084
1093
10110
1984
7180
8535
10157
15215
3964
8790
10043
446
5204
11695
9842
1199
2565
14326
10115
6669
15080
11309
2422
13375
9439
6265
7754
6198
8143
11624
3746
7744
8387
2883
12833
9877
9810
1223
9322
8388
4283
13891
3996
4395
6407
4485
13235
4255
10223
11901
5123
7025
8100
4276
15385
13309
1504
5276
14011
12114
83
13494
3239
1915
2142
10033
12254
12627
690
5233
13076
7294
11004
8045
4790
11146
9729
9987
14950
264
14002
12537
11731
2622
10894
13137
368
14518
14026
3149
10456
11308
3384
13172
3174
10516
8582
14177
8748
3451
7210
9741
3937
10013
2303
11118
6186
15963
12427
4388
5860
6824
15041
9747
11896
14245
9899
10427
15584
3310
10430
2631
2026
3596
3333
5500
15399
4649
233
13997
14347
2554
10541
12762
3616
6724
2791
6959
14823
7456
14575
12169
6510
540
6065
2243
10107
5507
4480
13696
6976
15751
11037
3512
4518
5669
5558
11041
15944
6531
6992
5182
6240
8911
1944
8019
13615
2704
7519
6646
9770
12615
10979
13848
10673
6415
2082
6509
12820
10885
15804
8560
11626
12907
11278
828
12626
1986
13518
6562
5062
7536
8238
10094
13202
2748
4776
7741
8802
4682
10197
8597
2638
14754
15661
10274
1306
2649
7958
2248
1711
4222
5241
12335
2878
3076
2221
12708
3544
1837
7872
7066
9441
14992
10479
8654
2349
11039
6084
2633
7987
4443
15299
478
6306
11505
9027
10184
86
8888
6261
13249
11128
5432
2695
10655
767
5630
6305
7971
3347
12704
9968
4025
7922
3323
13416
10433
9680
2885
8710
7406
9272
5441
3243
9373
118
14821
4128
4229
8995
7179
14050
6021
9066
7522
10638
10103
14290
2016
11110
3871
15962
15984
15774
1638
15193
9513
14846
9992
10904
15353
5570
2411
856
3388
5027
5299
8319
11655
13702
7632
4896
13928
2256
2105
7315
6167
12831
12876
10582
14843
13206
13623
14343
4772
14502
1711
4521
3023
12471
11626
4247
4230
12195
15882
8669
13988
991
6526
15570
1015
10800
3526
8842
2932
7451
15646
12855
6483
4162
7285
12386
13274
8252
7135
3540
7823
15184
11317
348
499
11269
7492
13669
5618
726
13582
9545
13072
1246
12058
1964
12370
4036
1614
14737
12705
15342
2749
5047
3857
1969
13454
14614
6973
1306
10145
6198
15502
7814
5247
13884
5242
7714
10174
9026
4146
5491
230
9863
1609
4539
6107
14871
8410
814
6566
14078
12516
3506
11200
5595
7738
5438
3508
9664
14501
9093
5759
11257
11629
3337
13576
7554
10492
12461
15939
10193
13033
11567
12285
8298
11882
9302
15540
11123
9829
3851
9111
3551
7108
14813
3020
4652
9932
10252
12096
13814
9939
11909
5471
8989
9919
5344
1461
5697
3418
11306
3139
6956
8841
5229
10384
10545
9983
15809
7718
11529
5844
22
15404
893
2167
5069
15337
5897
14966
14906
7261
14300
5691
4983
3220
11655
10758
5740
5241
2671
15762
10184
4083
10225
10357
10296
5830
891
7004
14045
12058
5568
7804
6132
4873
6707
10634
11456
13443
1446
15108
15871
2789
14424
10504
10620
1766
2223
15508
12401
13853
2382
7132
9361
2074
797
8585
14695
845
7353
6396
14245
10012
13259
15968
1679
7384
6972
4879
3912
11403
2012
15003
4638
5612
10287
10605
11892
15011
8300
6671
2617
14123
2441
15829
12904
793
508
15812
2891
11566
12796
5720
13616
9309
1529
5623
11857
13498
8625
12645
10521
852
11334
262
11411
5124
10021
1368
11184
7614
4356
11396
15964
14918
5349
2016
3356
2216
2899
11922
10127
15202
3220
13350
15724
6048
8183
10461
9543
5052
6413
8150
763
14134
13507
13443
6910
6486
4228
1339
458
9902
12728
7166
10252
15358
3543
7893
15628
13774
13525
141
9461
15706
15314
14838
11426
424
1687
14324
10642
15392
12274
15129
1412
14717
2645
6882
7468
4308
6873
12833
12973
15599
11730
2258
12280
12674
1427
7441
4615
9440
12820
15399
1270
14139
7692
13718
116
10747
10980
5474
8160
9728
12112
7124
12097
1861
1822
72
13631
2716
8870
8174
15730
4898
15935
14128
7770
3241
4761
5601
1581
1930
2554
14153
11922
14221
13207
825
13662
3497
7008
2414
15902
10696
6854
5643
2980
11926
15599
12589
1367
11666
9531
6003
2775
2945
8976
2731
811
4804
11191
9174
10845
10432
1072
5305
7998
7797
9522
15061
13753
1993
14592
8655
7971
15617
3750
3229
626
577
14568
10844
1718
5364
2273
9584
6884
7026
804
5784
14274
8418
518
2874
12515
4855
10995
8188
14195
9151
4092
9640
13811
10710
8869
6865
13220
10416
4217
14207
10911
2136
3817
10926
10997
182
12836
9394
1736
15498
5953
9011
12123
12261
872
14609
14023
3500
6416
12879
9430
13314
4282
10076
11971
12091
15971
6573
3004
13416
7537
12500
3380
14414
2892
5935
15733
3184
11473
5323
4937
3222
1112
2212
3479
7491
5426
12732
9015
3055
12285
662
15145
578
3132
10930
6550
6666
10578
5187
8993
3212
2852
2634
1717
9773
9259
7288
4312
8302
5616
2948
11953
12093
948
12556
2635
6469
6276
15740
12699
1392
3699
14511
8673
11178
5187
5422
11053
9350
13179
10733
7930
4508
10229
8064
11289
10795
1528
10273
11258
2378
15225
10400
6728
5678
10311
625
1826
4
13693
14383
11226
6253
7141
205
14570
14735
3407
128
10538
12825
5695
400
15122
8349
15460
1065
9004
11288
9377
8461
15901
4794
9600
8187
431
11729
11144
12623
9542
15551
12751
8761
9999
11989
3540
5365
10308
855
1549
3153
11598
6520
8652
14848
13933
3854
14577
13493
2202
13355
14412
12773
2782
3165
12581
11025
9341
12890
2308
13713
3010
2985
13940
15421
14113
10981
4282
10900
5858
3135
11671
11224
11396
15262
5755
3212
9834
13942
502
668
1392
6496
13840
9027
14954
14511
9982
1104
15384
3766
3350
11757
1235
15285
12144
907
14058
13726
2393
1406
13179
8175
10673
11501
15407
3791
15854
10456
5231
4518
14550
3103
1210
6355
6117
12068
1114
15339
9449
88
15565
6048
9673
13378
14851
14471
11815
10048
9380
7085
9080
8471
11947
3424
5135
2129
4527
11293
8901
3332
15250
11039
9626
15523
12755
12792
967
15071
12352
13601
2494
10617
8053
14094
13982
9526
11773
4631
3450
8020
15452
13980
15588
14245
7054
9361
75
6645
14421
10681
6025
11367
2932
12087
311
12448
246
14983
3905
1869
11876
4406
872
3561
7806
11322
14348
3206
680
1462
2157
943
3161
9440
13141
5450
10170
6
12380
7017
9614
14381
4669
12822
13728
7504
11712
10681
3975
13618
13984
1314
9016
10972
14249
2251
14285
7014
9860
1537
14106
9811
8103
9604
10972
2195
13789
13218
13805
10097
11090
4275
1814
7567
11235
2372
8834
4074
9530
3626
6065
4071
3702
2540
3224
5710
3359
13686
10356
317
6008
3858
9859
669
15635
13174
11455
7822
879
14975
4704
5226
4171
13270
14709
4723
5873
10611
8066
8128
6213
10672
12314
1099
5241
13408
909
6439
10018
6534
6268
10519
13055
2010
14303
5173
10277
8405
294
4211
12096
15369
2837
8509
1358
420
13048
3987
5945
7533
8700
1351
492
2406
4838
11122
989
9959
10754
8615
12328
15424
523
11687
560
10366
1565
12557
7067
13835
7357
3556
793
11251
2323
6272
9204
15021
12031
14792
12740
13483
12769
4402
2699
8027
15018
5875
3537
14713
2159
7445
12843
3172
2642
5099
65
8193
5684
2542
3106
1604
307
3794
12606
13142
9904
10131
12908
12056
10366
9190
15599
8477
4520
778
6031
1132
15878
9154
6147
7655
2136
8608
4050
13534
7397
9244
13707
5042
6061
6344
9890
7835
13614
648
3837
15658
926
3540
9567
5882
6169
8928
5243
4595
236
11524
12811
2050
6334
9418
1860
7486
2873
6389
13662
10624
9378
1191
15416
2794
6814
11018
12895
11268
6211
15140
4651
6817
15559
7368
8801
7092
3328
7121
11082
3959
10224
6401
8444
2010
10485
15309
1151
10757
12918
7107
5323
14930
11081
13681
12719
15079
8462
6574
15097
14848
3290
13866
1920
12756
1490
10353
2252
10740
10751
2308
6193
1972
12817
3977
6776
15905
13128
5874
80
7729
15850
13981
437
5530
12777
6142
331
9945
6271
5757
4028
15284
15071
5906
12464
1415
2113
2656
8649
5874
5183
2838
2193
13612
1805
15512
12893
2097
1479
13211
9183
4902
12957
1864
5754
9128
1089
8985
9590
7830
10995
12926
1837
1769
1022
14159
13597
10436
12945
7876
4736
1641
7998
8135
9589
15326
15860
5461
7916
7650
10128
3215
3132
6473
10514
15362
14469
8919
10797
8847
12278
1421
6135
11061
8724
8488
10320
2394
14155
2110
908
9735
11141
10702
10272
8830
4817
10845
270
2661
3237
8326
4817
11410
11989
14075
7009
2750
10067
3952
14457
4471
10228
12729
13566
7185
134
3643
6408
9265
703
11783
7465
15675
11484
163
7686
13743
1573
11019
7312
13450
14851
8501
9206
1297
2936
1893
810
8923
4747
7817
5098
15972
15868
5181
10670
846
10269
8683
10994
13525
8870
15871
8845
800
10519
9394
14422
13064
221
4315
15201
3159
10730
5960
14832
6989
15607
1148
2723
1746
9508
7301
2528
3966
12004
7406
8225
4378
14893
7320
11162
13747
130
14904
2252
15853
15839
14848
3259
13081
6559
3424
11497
6684
6976
11213
9876
3461
391
9184
11449
1742
4613
9027
14156
2654
8027
11456
2319
2203
5815
5481
15522
6311
1343
7726
8499
3330
3687
4057
4761
7077
11286
1011
478
9339
1698
11144
14099
4621
1834
1913
5512
4000
14667
3140
13863
12099
10242
9939
5877
5221
4659
8791
3624
11266
4980
10289
10962
9590
1846
4187
9473
3366
5512
5421
14651
312
6589
14238
4773
9655
13420
11296
1891
3772
5532
11138
13254
1542
3493
9146
8504
8149
5282
2719
10535
11661
2318
830
3716
1557
337
4553
12830
10902
13260
2373
9151
6934
13614
8237
9136
15334
2527
800
3530
11305
8301
12661
8359
15443
6085
5585
11780
14879
5664
10335
8999
5431
2605
10685
13950
13400
15567
4139
13422
5696
934
14275
9445
1663
4856
13740
10469
2803
12944
3407
2705
3218
7052
5831
9706
97
4942
14937
550
8488
6613
6902
4480
6437
5748
2803
4404
1661
2838
1325
1924
12258
1932
12819
2603
10644
7655
2021
7723
10672
2661
10745
9891
2354
9179
14952
12164
5045
11397
184
3023
4221
4257
11607
7892
5688
13400
11031
918
4565
12479
12538
270
8007
13715
7494
9730
5934
14055
6967
15546
10945
12166
6783
392
4323
11891
6164
13348
1325
11786
695
15516
10305
15958
13170
12574
2660
6066
2548
1628
14631
4489
7909
9209
8838
10921
11888
6457
2804
12434
3557
12905
7840
10987
4369
7346
6911
14372
9537
14424
240
9871
12752
8779
15760
8425
3287
11263
6136
2047
11569
15884
8600
1105
13868
9123
3935
15743
10153
1796
9663
7373
3348
13538
15022
12820
9981
1152
7049
15638
14610
4829
12615
9296
5753
10326
9202
13842
3873
3960
6554
197
6331
8588
15057
1380
8424
12246
6636
6391
3099
13620
2196
9677
14646
14261
9251
8406
51
12004
15584
11848
12042
10402
11979
11449
13169
1080
15518
13935
7181
5588
4187
15632
8663
11856
11252
10726
9577
3491
11975
4663
10208
6646
10878
9738
14552
4613
11913
10805
350
14424
12583
8764
15655
12750
5932
8181
14890
11993
6739
12101
13766
1680
1840
529
9981
12573
5382
11172
2056
6016
7755
11925
12966
8332
14244
6020
1218
11132
2720
12478
14396
15063
10444
10014
1035
2114
15465
1546
13528
15424
12959
3385
992
12366
6619
15345
15094
10226
4415
6703
8762
2366
11107
1566
14270
11248
9356
550
12732
10943
11018
15089
93
10127
2440
10636
6309
7316
2851
9967
844
11732
921
6220
5363
1403
3936
15191
2871
7161
10069
15768
11868
9589
6454
6079
593
14039
15860
1453
10657
3142
8671
4337
12319
15289
1830
13334
15861
13184
6305
4737
7959
11121
12448
6136
4746
10135
6837
1940
972
13258
13821
11159
239
3114
7192
4764
10165
476
8748
13379
12379
4873
2684
6955
10061
6774
9310
15774
6795
10900
346
14315
9448
13257
3027
6035
1764
9373
9501
8122
7579
9219
4714
4798
14124
15418
9018
4478
15459
10166
6283
7303
11526
12032
8544
12479
5535
6907
11186
13207
10971
4954
8033
7726
13413
7590
1746
15359
10185
3413
2386
3446
9760
10770
15077
9356
4826
3338
15197
428
3471
11079
8662
2802
5957
14476
14054
3225
436
7553
8692
2585
2013
9109
7817
10901
11441
5530
13630
5494
9306
15680
12970
162
3879
6050
14893
9729
9696
11746
5818
13257
3993
8920
7820
849
14759
9029
2631
8786
11689
7619
2885
4857
14912
13284
15820
12324
13147
9945
195
15939
4631
14921
1320
1441
8351
15738
9209
8519
15248
2426
8324
15282
7714
12148
7434
2891
15804
7133
2297
11536
2718
10116
2894
3013
11350
7222
670
7807
14426
3070
1141
9823
14864
10858
7661
15193
6493
13727
13865
15029
1945
10537
11697
9996
6272
1662
15939
4851
10257
4396
1894
6098
14268
2485
8043
12558
15311
11817
6756
11704
3466
2447
6914
1500
7830
12907
11330
7981
8173
13816
1110
10034
11350
8307
2854
8019
4862
3287
14364
3772
319
11183
9211
2567
12418
3772
7532
1511
9038
8594
105
5527
14769
4368
9118
11386
15827
9665
7936
12950
11660
4482
9256
12798
13441
10535
7577
1498
9126
11232
100
12370
7569
1818
6726
9958
5526
7283
4015
3816
2932
9418
2819
11607
1778
14253
14493
9465
3524
9663
13553
14494
11544
5689
13123
4587
5546
13112
4091
15077
9773
4210
4382
10398
13609
4876
15756
8482
14884
14235
3416
7223
7858
8985
10966
13780
9933
6002
8456
1247
3611
2252
9665
14564
1012
707
14029
3996
14946
9659
5205
7450
7405
75
14363
1101
1172
4170
13946
8777
9872
12932
10879
8036
43
7334
3235
2238
4301
13528
13215
14227
4308
10933
8975
8832
12110
2591
9911
9138
4969
6597
11523
6231
3882
11082
13215
4239
13904
3081
14315
9614
9503
9572
10507
12547
984
13043
4925
5091
1554
220
12853
3995
9593
15535
5631
1706
8293
7261
3566
10583
12527
14172
4144
13579
9487
868
8147
617
87
1772
11297
9405
11407
1882
919
13866
11698
10265
3936
11941
104
819
15556
11173
10312
1762
14673
12837
11188
5282
2001
2416
7066
12501
3914
2953
5484
14210
1638
10141
5469
4883
1230
13987
9037
9023
6568
12901
6341
2170
14393
912
9699
13051
2484
13655
11294
6280
6337
7058
12296
6762
10130
9591
7658
15889
8896
15106
7064
4405
4367
12662
1488
3871
4440
12775
5723
4213
5294
865
10418
10801
15875
10734
49
4797
8110
11288
14114
3601
9637
3380
13590
484
10052
9272
5017
14613
15011
14529
7894
12940
4641
14752
5814
10837
2057
15535
11894
7244
7210
11933
10970
12570
10674
6890
14026
12294
12545
6217
7973
10484
2451
10158
197
7619
10240
10674
159
1030
2842
13855
14267
13290
3974
7317
472
15884
455
417
7635
7572
9452
428
6011
2560
6174
15226
13983
14396
4196
11414
7912
6096
3970
8681
4536
10125
9472
1849
10905
3974
7019
533
3744
294
1004
12391
7314
7242
9671
4476
2098
5000
7865
14365
12527
3402
8614
8079
4448
14292
13716
11600
3572
2831
5707
12941
7997
14301
15809
8409
8066
10207
6959
3641
8245
3323
8930
11628
15561
7583
1877
5851
12454
11181
12801
2377
2251
13050
14539
9876
857
13002
3249
5141
6756
10094
9570
7468
3085
6553
11571
3674
15372
13772
4611
7323
7185
4095
11244
10470
6574
7233
4566
2205
9186
13436
8563
10905
10257
9032
12717
2368
9525
13766
12380
3393
8610
14892
10894
4619
7054
13504
9687
517
12795
3248
8341
12440
12560
13311
9522
13054
8538
8452
12668
3762
11503
6099
10546
9889
5707
13070
14850
9051
2081
4675
15727
11238
15315
15087
7003
11429
5714
15492
7770
5620
7720
6665
13589
133
2955
9059
3651
230
2685
13990
4945
4748
3464
1207
9930
5573
2620
9599
4633
3646
2260
11674
15123
15204
7466
11914
13062
707
2722
13618
2597
11864
3481
14961
9621
5257
1604
8786
11610
3595
15419
12841
11384
4261
12659
1134
6585
6378
2195
7064
2475
9502
12418
13457
7549
1110
14162
1661
5428
4390
12
10080
3121
5171
6207
9348
14608
4365
4709
15055
7551
12833
7280
8425
6266
6182
4670
555
8186
5661
6775
2042
15884
15850
11016
4319
5533
5786
14443
5782
8790
4693
13588
5678
12973
15081
8108
696
12042
12331
2280
13597
62
15301
11358
1753
8208
4658
1520
7107
5920
5064
6835
14810
7584
3544
2662
1001
5358
1212
5601
7602
6314
11897
944
7461
12768
6322
819
15536
12545
14239
4355
6864
15553
15989
1066
14815
1498
11713
6333
15873
2207
13
1826
3721
11929
1202
11386
7774
11936
8315
2641
11065
8012
721
9956
15314
10429
7919
1255
12662
2411
1650
6911
15679
12740
13701
5818
15998
369
12731
1959
11651
15819
14428
11966
4718
15727
13518
6852
14441
9404
3129
10232
9068
15186
15023
6961
3785
2940
2686
2428
581
4054
13559
8635
8079
14261
4511
8242
6933
14204
9738
380
8912
7370
8720
11136
2175
6388
12623
12170
13410
15274
1790
7996
10011
8957
8098
166
14247
3367
2433
4629
8582
9147
4117
2408
2026
10962
6549
1158
8430
14526
3237
4841
4761
9811
305
15427
11597
5591
5649
11737
5271
9408
431
13657
5534
11029
1924
6350
7757
15074
5200
14982
1040
4078
11941
8606
14102
1092
11656
3210
9989
9489
15528
2290
1983
10417
14092
14317
3659
15349
8863
9467
12465
9488
5016
9528
2738
4662
11996
2583
1324
4084
6001
10391
11758
1627
1043
11402
5074
622
4933
12487
3125
11588
8819
12246
7994
5925
4799
7806
1830
4898
4043
14449
1657
12176
14518
12872
14226
6340
11584
4447
7816
9900
15992
11744
11471
10563
5901
13905
15496
12639
6456
9108
6041
5000
1270
14180
2162
9622
6373
108
12897
13922
11061
7514
15259
13783
14942
6289
10482
8172
11601
11014
1039
3768
3590
9855
15946
12030
9227
5004
15844
15061
12112
12538
3842
203
6367
15027
5270
111
1970
1576
13267
1254
184
5305
8932
1377
3366
12515
7027
12582
221
1935
7330
15439
15554
3539
10505
13195
7248
7366
1598
5752
3197
15952
15135
1397
4298
7838
7949
1208
8708
4210
1906
10683
2123
10343
2220
15015
15792
11682
4844
14813
5283
4782
11285
15454
6579
2698
2520
1080
4665
9082
14338
15983
2775
947
12488
705
426
11824
1094
15450
9774
6635
5267
8121
11623
3527
14863
330
10207
12951
9160
1313
2094
6530
2343
10535
1303
990
647
13041
11917
3908
1301
8714
9435
9306
7826
10412
4774
12301
2830
10116
5111
5128
1043
6994
6445
11228
10784
11947
7477
8948
14209
2199
4162
900
12231
3031
5547
5858
2502
4290
13300
9077
203
13920
4851
9928
1441
269
7528
7714
949
1294
12756
6449
3400
13192
13534
5648
5667
5785
12499
4295
14955
14593
10602
14413
12415
13211
8788
3079
5364
7373
812
10954
3321
8263
14802
10094
14455
1974
9422
1556
11035
3719
8443
5717
14681
5493
6375
692
14456
1209
4991
8354
14881
2621
1334
8817
8639
4749
3052
15878
9301
11642
5323
8133
13034
7538
1435
10241
13669
8028
6107
4064
4780
7036
3226
1474
2931
9542
10365
3570
10465
7295
1452
4467
12975
7647
9522
15806
1856
4254
13444
9019
12728
5820
15160
9288
10256
6563
6639
12411
7664
4416
7250
12294
3780
12447
13473
9963
7123
13610
12434
12271
14773
14415
1307
8706
10079
10327
4830
11805
5960
15401
7957
6338
10865
11165
888
5064
11484
8657
6921
3166
10918
3
15493
2030
3885
14455
2051
377
6701
1601
7999
12114
5592
13560
906
5701
1599
13790
11973
2752
14927
6177
8934
3249
5136
8334
7195
4581
2562
2767
1297
4732
13899
4466
1882
15322
526
3135
7169
1264
1206
3945
14038
15079
1003
8090
3219
2326
4642
2935
6869
4701
5520
12056
6770
5305
10317
710
15060
12122
12827
15258
4474
4408
11456
6605
6780
13371
203
11991
10893
4560
5369
7670
6369
12599
4747
7801
14456
9046
11560
13124
7731
15563
6828
6530
15946
547
4148
10555
11505
10679
7960
7868
12483
11126
86
3548
11306
6202
1298
8390
12328
13424
9952
1821
14273
9693
5985
7663
8031
10196
1590
10512
7671
8671
7442
6937
50
12084
5634
5225
13450
8351
8170
7291
11465
14674
14740
4220
15958
10377
2357
15227
4517
15136
6047
4683
4375
14175
4219
6363
11953
14346
13451
3676
3448
7983
12448
11282
4602
8761
11478
3264
12056
10217
9072
15724
15131
14915
2854
4799
11562
1893
6228
14396
12446
9026
9846
6466
8409
15834
7517
193
2065
4711
2108
6237
7639
2638
11442
15809
845
11072
5357
10193
6693
15341
8096
7279
13844
9842
8087
15692
8741
11866
4231
1582
11716
3262
830
5718
12472
13833
1036
7155
5907
8461
8506
8878
14851
5916
14288
12513
3795
15710
474
3404
10726
3335
14660
11057
6162
4198
3685
11898
11274
832
14380
10651
11720
1814
3122
15387
14590
10449
6960
8874
11427
12717
7528
9519
7986
13204
8344
1796
1836
10358
4387
6673
3269
10861
12450
5995
5701
12847
11658
1286
14183
4097
7413
11843
4370
3457
14979
5835
12179
10379
7213
127
8987
9698
11183
4053
5699
415
12093
13459
3494
12718
7488
806
13407
1447
12905
14095
10324
4016
11662
13048
10999
5026
1669
2315
10396
7034
5004
13667
1046
8651
7462
15278
4964
2743
6113
9745
5368
13540
2562
12092
5494
1991
1606
12509
11619
15607
14904
11789
14482
6419
12274
11827
5692
4091
8794
11127
2696
14533
2422
5232
341
7406
13720
8811
7794
5097
5264
9593
15544
7087
6640
5073
14983
961
15418
5356
1120
4194
9494
7030
4409
7373
7786
8989
15909
5170
11564
11132
8883
4860
15440
15490
12442
9887
1544
1517
10791
12523
6677
13545
6847
50
4791
11717
15681
4918
3413
12198
13444
5396
2899
7947
11176
11344
11802
11822
10935
3916
3413
11469
6717
4903
4596
1739
1759
11932
7600
1055
13643
5680
12821
11861
9447
6148
7400
8213
1198
9718
7389
1838
10345
1743
7474
74
12448
1252
8132
14960
12038
3848
3384
14940
1642
1135
7363
3170
13443
8414
12585
12096
5891
6963
13945
2801
13915
11483
8414
13415
5450
3214
14924
14118
9404
4616
13999
6515
10978
6547
4908
14448
15647
6883
5018
2055
14576
10544
13221
4532
1171
11861
753
7390
4045
8134
5654
14848
14157
13452
4074
6143
9526
1584
5180
15659
15706
10000
2919
3160
15715
11915
7352
14604
6598
7565
10218
1950
9261
8565
10214
15037
15790
9779
9369
810
15945
4084
10102
6554
2718
13870
767
14795
13410
13165
14287
15509
14121
6976
15248
9064
6672
8440
4558
15389
15025
9655
5450
7765
11295
13468
15674
2615
9212
10145
9931
6626
5920
2900
14579
15946
14740
269
6687
9126
11960
7231
800
9036
7608
11714
13742
5281
14202
15664
289
15259
3902
11959
10794
11828
9868
15343
12023
7391
2514
7444
10773
12726
8020
15188
13291
3700
14829
3400
7522
8502
8846
7734
5384
12954
3070
2363
15644
6258
11010
7227
12914
15741
2138
11552
3056
15130
10457
564
13349
5563
8523
11391
6446
4680
4188
2499
4151
12258
13837
4149
12530
14040
10836
1603
9170
5422
11048
11761
4450
6370
11658
7652
3890
8060
6322
11714
6085
11320
8194
10510
12422
8165
76
6039
9865
12028
14360
14289
14868
6887
13662
9881
1745
3084
12954
5980
10831
6458
10659
2170
8878
9201
11925
1596
14236
861
2810
1690
11687
15418
14901
3099
15590
6910
11707
2296
6786
2066
5216
5159
10734
7060
4802
11359
14004
1037
11219
7754
3640
4780
9556
12040
12925
3974
301
4694
8239
12803
6601
10156
10501
12826
7761
5320
3649
13056
11484
7417
4193
9070
6022
14943
8928
5470
2558
9534
891
197
13062
6973
11330
10705
8005
4142
6369
15965
944
8924
3340
11464
2184
6838
8705
1161
9368
10921
13479
10202
15108
5794
6866
6726
1785
15651
10770
3556
12494
481
6517
2955
4006
10180
6783
5600
15169
14645
4229
5379
13585
7533
11893
2286
2153
7613
8105
9015
2185
12301
14665
10271
13857
8447
9440
2770
9232
1713
1599
11702
15964
3594
14147
10784
152
4780
3362
14839
13006
2732
6308
14411
7730
9685
4297
213
5306
14689
2
10709
3088
14211
14763
5197
8723
12556
8085
1855
6460
10685
7489
8261
13828
13429
10072
14499
4811
13281
5828
1550
6789
6653
5421
14076
538
11373
9656
9073
11560
9510
15041
3835
15937
13562
5745
936
13616
11154
12983
9601
2336
2617
10247
8932
12268
2298
14299
13926
12396
10570
11786
5640
950
8888
15006
12866
6718
7195
13184
823
7947
4538
9398
12067
11445
12639
14252
7970
15993
1627
11937
3987
12997
2679
11314
4305
14773
8478
1169
826
7960
12273
15940
13939
3913
443
9493
1218
10973
14611
12535
13585
5182
3220
10969
14872
8863
11776
11183
15035
15972
10479
6034
11415
1417
10972
453
12473
12811
15644
1256
2098
7323
8149
1121
7103
15791
4310
3438
6191
11100
13732
682
7987
5642
9818
11755
13140
1750
2606
6433
6726
13481
11723
13767
11124
578
13461
11841
470
14795
9453
976
13816
4049
12598
1859
9479
6105
7112
2973
2302
5104
14795
3952
13283
8682
4
831
8796
8230
6881
7146
426
1189
224
776
1964
3626
4287
4108
4249
1222
887
15471
7946
9640
14976
1781
8503
13872
4371
6212
13506
3516
15225
14908
14977
8910
2132
13336
4557
6729
11702
14758
14514
12822
2206
10331
9762
15671
12322
2413
6726
13218
13263
6194
12072
9711
13488
15662
12048
9643
91
482
7222
12338
2813
12839
15761
2967
9227
6488
13894
5521
14774
5861
10861
247
8858
7359
2418
12603
11727
6727
4059
7603
7257
1448
1097
8651
9119
2381
8638
4947
2399
6660
10700
13773
14899
6274
6313
11396
556
14034
7289
11759
6605
2329
349
13974
2168
13455
7530
8440
14530
2808
8870
10241
990
2056
14211
1171
7926
2658
11151
29
2101
7912
8081
5619
6579
13113
15485
11691
14322
2889
7741
11465
1851
8079
7627
13403
5965
13972
12258
15717
14414
15515
14464
12374
4871
5684
1790
14880
1107
6715
4559
12469
8644
3173
8272
10632
14996
11931
8593
11201
13011
2593
13209
10859
5540
794
15542
3707
14547
4365
10996
4874
8867
2537
12211
11209
15791
6195
14267
10421
13052
2
368
7499
8382
14271
3348
7970
1880
14563
929
7088
11492
15445
6253
10484
8192
10999
9921
11248
10840
11133
14142
7436
9069
8983
8778
13565
15161
8918
9021
7923
15154
2746
12568
15467
4413
8387
11484
268
12347
7891
10925
12598
2072
11335
7638
1583
5238
5046
11110
7128
4342
9267
15968
10382
9912
10166
8316
12125
5138
7652
13663
5076
6138
10775
5110
9735
1488
652
10044
9299
2633
7682
4381
15316
4027
2690
7520
6243
4157
8883
12743
927
9887
2384
9370
1680
2214
12743
10992
6046
3473
3174
7615
7871
10417
2344
15474
633
12275
13181
15913
3614
8723
15932
12609
9474
7068
9777
7699
9844
10303
9070
11816
9360
3077
4968
14936
14101
15292
8532
10108
6078
4539
13875
9640
351
11497
12173
8486
5410
25
15039
15406
9081
6704
1254
5903
5793
1211
7317
4240
36
15016
998
980
117
13843
11748
3865
7489
3939
7163
15250
9529
14021
5250
157
2568
9101
15259
6859
3866
5248
7616
4034
12108
13222
10364
1313
4261
3977
5390
3940
11449
5622
10068
12956
2500
9291
15321
1534
9622
5063
8460
1066
9181
9146
11099
14962
478
1937
12974
10119
7197
2596
14028
12733
3986
12913
3210
6937
3592
5120
12654
4681
12948
1527
11477
6044
12471
11507
4964
8268
1669
5663
7280
7135
6315
2293
538
4787
13831
2877
6739
6051
4811
11957
14149
15602
3717
2885
1325
11807
8840
13793
15144
8086
4675
992
15233
13912
12359
2212
3483
3305
11089
14797
13373
10046
10105
6164
10307
9297
7503
14012
8986
14623
9740
7122
7062
9590
4938
11
13951
9185
10232
15659
12543
7676
8990
5781
12285
9048
12515
3237
15757
6878
8374
2712
11045
2776
1832
14037
8400
14726
6128
5304
1285
10281
11995
10336
7520
8078
14135
2501
1373
688
14110
3311
8708
976
2704
8826
7936
9911
9633
9618
15683
15354
7075
4569
13093
2532
2808
10402
4092
1668
4234
12466
10775
120
13122
5982
7949
14514
14685
12017
10177
2938
519
2635
14384
14663
14472
1226
5763
2905
14071
342
6138
15421
6191
2980
8073
14333
11463
10420
3364
5602
12142
10381
15681
7442
3908
6883
112
11231
10990
12982
4429
1228
6031
1754
7774
14622
12995
8635
6342
13866
4761
2422
2202
2887
5451
4611
5578
14668
14868
616
15688
9783
3336
7522
10112
7199
2567
2081
9442
6473
4324
14342
3908
3527
4856
11389
4264
1020
8775
14529
7706
6416
14404
9017
8794
14572
2264
9914
3064
15250
7318
9495
7715
4153
5569
14313
6402
7326
12443
4746
10005
15797
2550
264
2181
4263
1121
5650
590
234
10441
2699
1801
1985
15322
12900
6758
7883
10281
5024
4239
121
538
2646
11619
4115
1743
9761
11429
12259
60
8631
10696
6522
5749
8961
13800
14196
7300
7615
9220
3282
7162
7651
6309
9304
3827
11865
15306
12073
5778
2250
1062
398
12968
6239
731
7018
14553
10896
3571
12419
8451
11683
224
5589
9543
1931
9288
9902
1328
9603
677
9214
11468
10664
14748
6328
12871
8092
13131
7829
7044
13845
736
14971
1516
10390
1351
6179
7615
4709
13408
4810
14857
14720
11072
8179
8244
14097
9203
8436
10407
2994
2204
4819
11185
6909
7341
11136
3189
2045
5405
12630
7408
13575
11485
7333
14805
1063
11951
10512
13095
14711
10011
8343
2618
8814
4444
7041
7104
8323
11306
283
4569
6176
1562
5402
8179
3714
8437
12986
8990
6064
5607
10965
11494
12778
13353
9723
14569
10985
6740
11204
617
1559
6946
10089
4527
4344
14132
9923
1654
3659
7412
11022
4027
6331
1509
6807
10050
928
11281
8157
4185
12267
752
9430
2153
4648
11909
5387
11866
14885
2964
10301
8241
2722
8094
2106
13088
9635
13651
5726
12744
5388
2325
13881
11391
2256
2358
6289
13620
853
10097
15918
3228
3426
10871
10700
10919
10648
6680
12313
3001
778
13193
11056
23
9984
10145
15230
5495
15471
6542
13675
9514
15857
3274
15606
14949
1775
13165
7848
5803
4686
1282
8914
6773
1610
10127
7859
8143
8452
3597
3377
6998
4965
564
10257
4242
9758
9623
2693
6659
6857
5512
5509
10039
14433
6709
10257
13000
6836
9338
1153
6427
5274
8180
11996
5173
9667
3970
10448
12055
5802
3836
7764
4591
2204
4373
1850
7786
10906
14545
1551
11786
9803
4309
13307
13478
7325
14073
12828
4937
13769
6926
1441
11846
4309
12094
13727
5522
3595
5670
14195
4655
1062
12195
6260
13292
14645
3700
1201
547
10821
13321
7310
15597
7388
1197
3401
2823
8919
14616
594
81
5699
12324
4874
8297
5612
5119
9714
5482
3850
13582
1727
12527
1266
9361
538
1404
6729
3951
1928
5502
7374
4905
5341
8044
410
9093
15361
7456
5571
2754
10894
6016
11926
950
3795
13758
8830
14590
7177
1939
15886
7605
3602
825
8802
474
2074
5541
11350
9749
14380
5125
6086
15036
356
3901
13358
1245
11017
2404
15511
15407
12444
12622
4866
8745
1468
7933
11327
9411
13004
6872
11863
1425
1582
10633
859
4298
11618
2214
25
14484
317
13435
8626
10478
1484
9894
15283
7004
8902
1844
11662
5181
6961
13424
15357
4437
15084
7771
5345
3551
3784
12812
10373
14759
8765
3942
8950
11871
978
2217
4187
505
4598
13556
14390
11577
1090
11183
11319
5487
12630
8925
967
2270
4019
3179
13520
9975
7711
5668
10353
6974
10159
9623
11044
7453
1261
2206
15693
520
7509
7835
4261
7268
1176
10389
4485
1235
2641
13980
1330
5703
3574
12774
5438
13069
3409
8801
4656
14397
14655
15995
13228
14632
10445
13046
15354
790
13306
5788
1550
12123
1946
2658
5852
14068
5793
4154
980
11045
15830
4876
10404
5857
15207
549
13632
4329
10096
11044
8913
4672
10351
7139
12754
9965
13297
1323
5005
14124
9452
2293
11865
13107
3809
6488
7998
11048
6626
1920
3672
14705
12594
15029
6131
7933
13686
9603
12654
1291
3273
967
6008
12024
3826
5109
4401
9856
14192
750
1344
8685
4132
13339
4108
325
13041
5833
13195
1085
14156
9490
3523
6908
6288
4018
9787
10745
8675
3258
13204
2771
4201
3476
10150
4967
2704
9725
8544
3820
10248
12270
2704
1236
15575
12088
14586
12201
10435
12169
5778
15609
9408
13751
15877
13121
8916
7449
1593
1967
7608
6422
5632
5939
4685
3437
5974
7110
12259
14450
646
1984
4026
13059
5073
10422
12973
8128
12942
12213
11605
2278
15736
14340
5215
3456
5099
7289
9063
3524
10308
1369
10626
8875
12460
9581
5676
9677
13407
2310
11972
15804
1008
5722
5758
15802
297
11286
8395
14463
9183
4247
8627
9413
6731
3177
11905
6195
8700
1187
12663
3570
8887
10294
5792
6238
685
14896
14757
10179
7528
8540
13803
14840
7311
214
14719
4341
8599
6814
2156
11501
11015
1906
763
5800
2632
12507
1345
4923
8400
2717
14435
8004
8404
6539
15347
8730
4518
5778
6500
6363
4892
1689
1282
4987
14952
3811
15636
6473
6945
11524
962
1519
5371
4183
407
9618
4931
1546
11297
4523
3916
15120
6522
3283
8197
3356
11112
10042
3900
10823
4054
3058
6548
12523
5023
1275
8201
15704
7723
12887
6438
10552
9658
12019
2549
15046
12480
7520
7674
11978
6317
9986
1090
2391
631
6536
10026
14526
13359
8952
1914
3525
4290
1283
11853
7874
11421
4234
3273
1742
6562
10871
6783
9193
1073
10814
2431
2408
9575
9249
3255
4072
10201
10215
13373
6445
2854
11350
447
12912
11444
4649
8194
7342
11574
12550
6356
13223
2045
13886
2535
13716
9812
1572
11320
2304
12688
13525
10129
1244
15983
13931
13475
5294
10229
9839
11104
8895
2441
3641
1572
7952
9319
11183
6132
8681
6297
3522
3699
432
12352
6043
13772
11959
10053
13152
1337
2513
2068
12479
2253
4266
15804
3473
10407
10684
9200
12610
6651
1699
7016
5092
10180
3228
4684
8289
5561
2604
4175
8815
6390
4253
5952
3800
1392
10611
8909
11785
9495
5366
5204
798
3346
15338
13906
13525
4
363
14828
7685
12594
8014
14956
497
10364
1521
8040
6519
14308
8362
2828
8085
1198
12487
3212
7735
13825
2265
10032
13958
14235
15355
14841
4689
10153
11287
6180
9276
10072
7672
667
2801
5139
4171
14588
7238
9403
8907
12533
2432
14996
12559
10857
6540
5761
1406
14190
430
11964
5084
15104
9539
12248
7228
11626
13011
12829
15233
3824
10251
8429
15508
1006
12109
4995
13753
10940
15340
14351
12329
1569
14681
9911
14778
3487
11821
13491
1240
14578
1817
4126
307
107
3736
6310
14921
7925
13199
6461
5382
7749
572
10510
14169
12477
2484
4251
5033
1971
8052
15842
6123
1730
7108
4654
3532
15900
3345
7798
15307
5612
9759
3847
8469
13119
13233
3687
14504
14755
15171
7180
9484
2686
9292
14671
2720
1218
12777
281
3354
13433
8781
15045
14691
5819
7022
9998
9810
696
3076
7497
6845
8648
8690
14863
11797
5108
11122
4263
15844
9334
11366
6171
11104
5940
13624
6784
8277
3054
15916
3954
14661
5442
2491
13499
13798
1094
12351
1574
9164
5798
6061
1695
469
137
15379
444
1466
15388
12042
2344
4207
2595
7109
2679
5650
7803
753
9423
7062
9849
6015
15303
5381
13458
12740
15261
3541
9133
10555
1627
7825
10267
7550
5567
4411
13639
12184
11003
3605
1573
11164
8228
12698
7499
2736
5477
7638
5276
11575
12828
7675
6292
3116
9812
8416
2170
15384
6367
4152
9081
5415
818
8303
5080
6732
2998
3514
15297
14031
5284
9751
108
414
2909
208
12324
10351
3546
8013
14597
14377
6029
9562
7838
13577
10160
2482
4621
11121
7490
4416
2211
7004
15672
8579
7723
13599
11867
12085
2269
1276
2407
13779
1275
8932
15911
7457
4285
14352
8047
13167
11181
6724
8350
3897
11189
15450
12055
15700
14131
8170
7416
7976
4976
13670
5721
3641
1011
8162
2106
2324
2159
7902
11850
5138
12662
3252
2496
11553
7582
5498
3130
5146
8929
5423
10347
11083
4768
1799
14971
15956
5480
1214
1569
6731
10333
10148
10597
2118
10696
15520
3221
434
10786
10692
7449
15103
7277
8185
1609
373
13999
9753
13062
9702
6407
1439
3508
7166
11931
10084
15503
1207
60
6365
7461
15551
929
1893
12436
15215
14286
14150
941
7354
1112
4218
764
1860
12704
9257
10405
5244
14882
13688
13470
597
15686
14253
11140
3499
7111
11335
11830
15678
11171
3453
8917
2629
13189
5914
3919
12145
156
11403
12416
15387
834
1602
13684
12808
15448
4396
3900
4909
7275
12180
7441
13028
2208
5110
515
10505
6025
2589
14430
2324
3107
8163
3137
13609
13483
6458
13242
4077
6147
1847
14846
7353
1979
15610
1670
6288
2569
13366
11371
6343
10672
11602
9234
3974
4851
512
6013
1044
2344
10724
7973
12277
14786
6430
2204
10102
4380
15960
12911
10079
4932
2536
9300
4254
285
653
13378
2764
7977
14556
15553
15734
14391
8737
6920
7942
4512
13010
13141
12179
491
11135
4822
14784
6611
7991
13430
15015
2822
6228
2031
11606
8476
15413
8079
1664
12664
14729
13891
10081
3670
14390
7980
11845
1042
2696
6445
5481
3290
13508
13237
10567
3018
10006
2941
6124
5808
8166
3248
10860
797
13769
5254
10871
12191
1285
14288
4321
11737
5046
1261
3380
4694
10988
12844
1256
14056
2586
9409
4841
1356
4436
15970
14135
11936
10039
13703
3341
1768
1374
14121
3750
15199
859
9863
7102
10720
1531
7674
5571
11918
268
14211
6620
14423
644
11502
13773
10193
15074
5127
11006
212
6880
5516
15318
15579
2964
7311
15347
1898
502
14701
5811
2304
7264
11173
9588
6702
14103
10791
8648
12655
543
8512
3530
4507
10898
15930
11888
7734
7718
6486
491
721
1398
11177
4575
8743
13803
15177
3806
7792
2917
7342
3648
1401
15057
5543
13859
2986
13253
6127
11194
15047
12821
9175
13052
14763
3866
8994
1215
2614
10962
11024
5772
8352
1339
13453
295
9422
8436
117
13027
2338
13356
12540
11072
8261
2342
9303
13488
15304
12230
5197
1499
13817
3392
1841
11686
1361
14674
14873
14608
6859
6039
7111
1476
5889
10550
2584
4193
8140
7338
5147
5043
10472
13932
10920
321
707
6893
13644
1983
7913
7972
1388
543
9734
6654
4734
2618
2445
12222
13965
13942
939
2
5698
3560
12053
11051
7900
11180
1159
14293
7147
7462
15291
2981
6110
11621
3009
14882
11464
11625
1468
5686
2998
13933
6787
15247
3943
112
6360
5865
14116
6453
3335
2921
3410
5940
6529
14199
9202
2297
2124
2144
9569
4524
7433
5601
11923
13592
823
11539
1736
8915
7293
7282
3610
15294
13128
5474
14095
1899
14933
2178
13735
4133
14817
7174
4285
8091
1857
15731
14042
305
906
15542
11720
6847
13943
5627
11145
10651
14756
291
5678
9242
10599
11504
1388
8073
6903
10941
4512
15423
11123
8903
10783
6619
8643
15939
12005
11533
15391
8390
5398
9650
7056
15209
10609
531
10344
12978
15594
15013
7778
7125
7724
9191
10662
6307
8993
736
14433
683
3785
4875
11729
5745
9402
12458
14280
12810
1618
6456
3170
14958
10508
4057
13432
5070
14008
15936
10122
7166
12284
14528
14580
2940
2933
10338
14071
6221
9719
9791
1162
3086
8101
14220
1407
3119
12198
3303
7234
2829
10917
997
5686
10620
7882
9526
10781
13669
10166
3266
12586
4733
2238
10678
3501
10961
6318
14321
10307
2179
3335
13742
14136
15836
8472
638
5288
5165
4054
12817
14315
15636
15106
4351
6799
1930
11809
8607
11425
12223
9163
13676
13475
2525
11541
6349
2154
6821
9210
12655
7953
15275
2116
7549
8999
14164
5153
7651
6819
1224
976
11738
4363
5861
13720
13094
8738
12917
13300
174
14308
9241
12621
7692
11407
15631
9968
14137
6621
8743
10021
7127
14582
13898
8766
7248
15983
13154
9196
3268
15633
14691
9758
4946
3543
13486
14400
15254
4856
4393
10668
7687
7408
10205
10242
14339
6800
14319
8763
7737
2827
12808
3057
15074
13237
3535
8491
2757
5206
10218
5826
13126
14591
9617
11162
1789
5272
15276
3870
855
5359
13116
12369
7291
4937
7896
14804
9038
7973
11447
13845
2753
4104
14231
13795
15668
8689
3690
1398
5022
2794
11558
6631
12697
14862
10701
10033
15495
100
5771
11384
2399
14506
12659
9245
1802
14783
14528
15384
9808
10048
3292
6556
1977
4515
6220
6052
12433
13053
13941
13205
925
536
11294
650
6882
10586
11756
14907
15228
3378
12793
12351
15463
1287
14517
7631
9416
13763
8187
6434
14808
2925
7961
14502
6615
5976
12956
7129
839
11824
4029
10312
2718
4260
3933
2220
14767
5172
11766
7032
3817
13871
4683
6833
10702
11723
10691
13678
4261
6527
3190
14085
15941
13182
11458
12526
6576
1219
13997
3655
1644
2811
5164
3753
14100
14416
8560
12300
6893
629
1670
350
1581
14810
4330
9365
2789
1167
15587
6727
12274
2320
13647
12371
8740
11289
12150
8414
5746
159
12375
9554
11275
8432
7623
13696
12110
9209
8008
1949
348
9549
2120
11169
159
13473
2560
871
10204
11146
1329
9471
11954
7848
7794
6384
12385
3502
5548
10903
13334
12696
1624
4591
13430
379
8957
10545
1642
7949
13760
15690
1788
9658
8028
3766
15592
3364
8954
9147
13713
11367
10149
4543
15152
15202
1926
13622
12238
2413
4917
1788
13653
5573
11780
284
11160
9247
8643
14662
3520
11056
2669
13176
13652
8254
7473
8700
9262
12621
3627
7019
7938
5998
12643
14500
3316
4844
7448
12443
7357
5077
6090
199
5503
12951
9347
5635
3913
5807
8026
10133
2474
8779
3245
1417
5263
10011
8300
10329
15604
6818
13609
14851
4440
8195
7795
138
1104
12621
4500
8948
5993
12145
7669
4183
4355
9415
9216
8702
11995
1021
12317
12020
9490
10444
5297
1707
1271
5420
1418
1780
11404
7466
6784
13583
6970
2608
6064
15114
5736
15186
14370
1102
4513
14691
4543
14965
11700
14393
12295
4185
11898
14497
7597
5875
9870
7826
13000
1879
12245
13603
9560
42
8116
3106
8175
1737
13913
12311
7675
4446
10595
9338
7465
5556
7135
12982
10436
11814
2554
1969
9700
5735
10199
8554
15067
12082
5396
12876
5730
6970
10458
5330
6117
14951
10146
7275
9522
15377
4977
9610
4119
8296
11541
5059
2457
2765
1538
5415
3510
11945
13922
9400
1752
8650
14013
4523
4699
3395
14543
15207
12157
3581
12908
9655
1050
12941
6612
8906
13833
13815
12129
12382
10885
14553
545
1304
5901
10421
13672
8438
8819
9505
1553
8518
7397
1572
6789
14849
1881
5243
11592
6515
9271
8099
10827
8058
4556
11151
11703
7880
8103
13015
5286
11265
10408
1460
1517
1316
4659
1316
821
5586
7448
15310
7796
8450
1705
10310
9593
1669
12380
4580
3533
6638
4685
14572
13028
5386
2333
14083
14345
5484
6618
5771
14846
2852
10725
10939
7756
6607
12036
13906
915
1239
5479
11160
13958
853
8877
12955
8582
7560
2807
2929
13473
1592
14175
11454
4004
12995
6272
11176
15901
10115
10551
13629
6025
10511
4470
8545
6195
2896
7140
1338
1257
5213
13125
11784
12291
11680
14478
2984
2239
9755
2960
10434
10113
4610
1624
9770
8732
1282
9039
9402
15327
5492
9665
5820
7596
5176
2383
2920
6714
8862
14423
12408
12508
7006
5348
15061
1663
14696
307
14960
7001
4712
3478
5518
15879
7416
4607
3688
7278
5646
6614
6379
6131
2799
5144
7500
1389
10112
5306
2756
4902
13168
11011
2398
4778
15272
6028
10619
4880
2381
14538
3177
11295
12522
2217
1860
10228
5557
8017
3639
7388
12114
3917
15839
3474
8259
15292
12489
2397
3035
9553
3698
10943
12657
15634
3767
14949
11666
8940
9612
14334
8477
976
3898
11219
5161
12394
7345
3647
2604
12479
4923
7086
9407
6770
7739
6780
15407
15827
8712
11502
11578
1735
10050
12419
2421
12351
3181
14869
8967
8906
10361
3376
5903
221
12315
261
3244
10460
6630
12510
7162
14363
6852
1631
11397
3466
15316
11573
3325
5136
12369
8646
560
3994
5047
4610
3819
14263
13826
1411
8360
10725
4146
6832
11143
2029
4995
13555
12300
7349
10120
15546
3509
9669
11726
12277
14317
9458
10601
8214
12612
963
9624
3931
9307
5690
7255
906
5838
3337
10803
382
4746
1233
5906
1727
14608
13514
10617
15821
9099
4308
3954
226
9854
655
3053
2523
6837
546
8593
12718
12947
8926
7171
7280
2018
7034
14824
12741
1531
4592
7077
6969
5341
6285
3160
12204
26
4506
4172
13215
9174
9887
11589
7994
10960
11865
10219
458
6506
10802
2145
13327
9358
15346
11481
5178
3264
978
2971
2360
11428
9468
5298
10208
5972
13539
9596
3938
14533
10236
12129
3830
3608
8688
2981
10768
6716
5503
13557
11097
4172
12232
8616
8159
12432
11852
12881
2517
2874
12086
251
1009
3361
2197
13431
14028
11510
11830
2296
14937
10796
13211
3057
2956
2057
5719
7384
6392
15477
190
12374
2039
6226
5254
659
383
1615
3872
5678
14363
6642
2510
9950
7556
9663
6756
2318
12323
9087
6071
6054
10621
14672
4774
11891
13722
11873
4377
11195
3871
8607
9841
3856
3546
2559
4738
2998
11498
11408
2094
8768
14723
13903
2696
9210
8170
14361
14306
1063
15768
3335
2180
3708
13287
1904
8733
6359
7548
1452
12549
7062
14588
10663
11745
13477
4356
12145
12727
7540
13897
7122
11176
13114
2222
13446
2039
7250
14434
12465
13591
13132
9307
8336
5945
5301
13655
11897
12627
1961
4689
3642
13749
6092
4975
2453
7343
1343
4642
14597
570
7346
15977
11633
9679
6645
2544
2829
657
14260
10782
1385
12624
12840
14922
14699
4225
3918
14981
2715
66
15427
13412
7840
6196
7193
11877
7279
10656
2193
5578
11365
2132
8766
10322
14493
10543
4316
8519
12250
14861
11697
4976
15033
867
3485
7310
9023
3346
10068
1748
7066
8947
15277
11228
3472
15220
5010
7107
4453
13461
9740
2672
3889
3300
1512
14172
3759
6651
6972
12460
2394
8152
2280
1666
5014
14614
14672
11303
15232
1367
7130
12201
11803
10871
10576
10314
15310
10257
9973
582
1322
12637
15007
6216
12865
7159
1602
5090
1019
12072
10925
3375
15838
2082
14342
15034
2791
9544
3634
10029
2471
15611
6208
4774
13689
5768
9399
9491
7972
2908
6733
14249
8348
15989
15790
11665
15512
1638
7174
9347
14966
3511
15369
7214
4609
15697
13831
1521
12477
3201
1960
3350
5893
11028
860
3450
12772
13363
6102
11549
2552
13607
7145
581
11923
3428
11351
2515
9915
8028
2284
5192
2229
1168
10325
14253
13836
127
8402
14055
8799
2951
6739
3984
6869
11838
5457
1346
6680
9067
15733
780
13964
11137
1102
11229
9268
14922
580
15926
810
1350
8049
2812
7705
695
10070
4978
8168
2774
5515
8834
7281
13885
5835
4983
4287
13114
13088
13639
11203
10260
3501
12252
4074
12950
13689
6757
1701
948
5651
514
12938
15265
5970
735
7620
10354
12687
6372
13203
6138
15640
9057
10767
12064
7892
7652
386
4893
7100
15240
10415
8968
15174
6674
15733
1183
11996
12185
15004
9802
435
8099
5726
9908
15989
11673
1564
1205
15137
2296
9086
12582
9780
11871
14646
6984
928
12111
1142
10164
7979
2499
5713
2048
6574
187
5669
7366
1472
8421
3215
8780
737
6811
12087
4770
11664
6583
14709
6817
787
4547
248
7017
6014
12016
186
9440
14670
8425
8343
4437
2777
86
1980
3899
10207
2652
8961
1217
4164
415
10179
14437
2211
2003
6980
13894
10190
12269
6568
130
9123
15318
13934
8692
1806
12327
2684
10287
5078
619
5926
3047
149
2543
3693
3004
9750
979
12169
10256
1876
8011
13652
2138
993
14538
10656
14883
4183
8922
15532
370
14286
4689
8700
4830
6339
9488
95
2039
7020
932
8360
13831
10308
642
5464
11659
15242
7409
7640
9464
2216
14102
3349
13058
3376
8922
11591
155
1944
3353
740
14008
4216
83
11943
7436
6919
499
3632
3230
5335
3164
9241
12320
13873
5328
932
9297
5154
6254
15373
4655
10782
11237
15382
6274
6467
12396
14361
2769
10343
7713
3627
11329
3207
4076
878
253
12305
13629
10352
8686
12253
10214
14076
7978
3967
1406
1006
13522
9538
4488
15123
11846
5542
6175
15290
12414
9169
14104
12248
6203
8269
10122
1216
7801
7596
8789
14029
15153
10859
4728
1280
3044
11008
11196
15439
14769
6755
2669
5063
10342
8640
5286
9006
10345
8996
13092
5295
5813
11823
10309
12130
4507
7076
8891
12793
5216
7113
1009
14242
9123
11376
12244
1021
10820
9848
2637
6392
10936
6150
5192
4091
8525
9028
4524
15157
11404
9692
15812
1624
12609
5674
7802
5552
6061
14483
11582
10375
6084
2757
12100
5736
1334
14578
15431
15938
9149
4753
10373
8577
9538
9926
2903
7458
1011
14875
15656
2704
12562
11634
6032
4920
13108
15180
4686
697
6769
15169
10611
4119
7725
15170
15137
5898
7616
1718
1951
13292
9360
14814
10507
4078
551
15686
3886
12231
2509
15225
5716
370
15230
13537
10069
1939
1884
12328
14745
4277
8280
1599
6564
14609
15462
1084
5144
12364
13914
9445
1925
11773
1689
15362
12545
10220
5958
451
9220
6584
4791
9107
4339
8018
5352
13006
15477
6488
14474
12576
13836
14247
5656
13874
8522
10549
12055
2720
12236
15768
12866
13817
9591
3213
6093
15599
15606
8873
3653
7086
14455
9994
15500
4864
14953
10053
5120
6331
1589
2387
14349
14608
2660
11387
5082
6618
13604
5230
5706
12192
14472
9303
9199
8423
2164
11873
5792
1234
14922
13269
8406
14732
3238
3065
1938
4483
10481
10997
9772
8419
9714
9057
1919
407
2065
1439
7626
15450
761
3967
11641
2319
3701
14279
8295
3565
3696
13577
11191
10396
891
15242
5482
14094
1568
1914
10259
6382
12540
4967
9562
12489
1468
6232
13980
4882
12075
12768
9649
9799
6339
9967
431
15026
1933
14936
11768
13011
6792
15193
4576
11066
12655
15384
3274
11112
14779
1163
10259
7135
12771
10452
15045
9292
12130
14163
4868
15326
14779
11295
2949
2829
9999
15401
3892
13851
3627
1021
6144
12765
11971
4392
7608
3224
15754
9013
8355
15845
2916
10386
13841
1114
13300
2815
14109
2846
11712
4204
3286
2333
8702
473
1435
5769
6395
1172
6513
6343
4755
7975
6443
11192
11487
1989
3977
3822
9776
15048
13037
14277
8080
5946
2210
9420
4040
1165
3526
8229
14685
4844
4199
6653
6758
13707
661
4388
7700
347
2098
12752
428
12092
10024
558
6042
7286
13225
10474
3894
