8383456
4729229
3558786
5679763
3283883
6647784
4393927
9739243
4823752
5935273
5624958
4382295
9844332
5727359
3994756
4726839
3645778
8685689
4322294
3577968
9797473
3495283
9463483
2387933
7229962
6999763
5824972
7749395
6687476
9346459
5964577
8925536
2974537
3454667
8825393
7647297
3457273
3995542
7998692
5379859
7786872
9865633
9534268
3374553
4828846
6892596
3899345
8579557
7635526
5548486
8232545
7255463
3699462
8597637
2464532
4448382
4379963
3497837
5995776
6277278
3387999
7485488
2344235
4664458
7596288
6985274
8725634
4928254
5847279
8792386
5595989
5863328
4323429
5234927
4728338
5634926
5825994
7825776
6432873
8899873
8287954
5686543
3922434
5474593
9252553
4688576
5778968
5543534
3474885
9332836
3328436
2326329
8745725
8293399
7253444
2357674
2232327
8333988
2325768
7458343
6893736
3842886
8439292
4934322
4644575
6866693
9544474
9667523
5548923
7978667
2482586
4599988
8673758
7667658
9946795
2426754
6369969
9233785
6228234
4923848
7949954
8256636
2826566
9826563
4892242
5574577
9696639
8267683
7342999
3368555
3847433
4697765
9353742
7358772
8339287
7574794
4483984
5449656
7643968
3332985
5658252
3289578
6969867
9438386
9939893
9462743
9688676
5586456
4777593
7523682
5926482
2597245
7792544
6536796
8978656
5888445
6532899
8498362
2929643
6766649
9668882
4299378
8678887
5824579
7583532
4864579
5875677
3228653
8455362
6465683
6776647
4524558
6944299
2684227
6227729
7562478
4669245
6277292
3584666
9872293
9749547
5896383
9797422
9347272
9932742
7253574
9373278
2389222
5584577
4395649
6493455
8369725
7796262
9484434
3453297
8573999
5687933
7544289
2284444
3693568
9458432
4846596
4934727
9776282
5537739
4549385
6555827
6394273
5456826
4746325
8822279
6696675
7935386
5443989
8232922
8445542
6776593
2225549
9538797
6668492
7936339
6837385
3582822
4863462
2536695
9579424
7438393
4236832
8955623
3658848
6768446
6456743
8239366
3874367
9728973
6622475
6345558
3484782
8829388
6335869
2456323
9956722
9383787
7543785
6625557
7324395
6987922
2584435
3972373
5582926
9599534
7389387
8982873
3642974
9944657
7233829
6722695
3574733
2362954
7382955
4793683
8869533
4239378
6572583
4594433
3369437
5697846
6299996
7937669
7742336
6944437
5565595
9793952
7949794
3998932
5795445
6487999
8659727
2328643
4744559
5364549
6334954
3782556
3774576
8768986
8553256
7422468
6926643
4927597
7967894
3972663
9339998
7259658
6953953
6654356
8296665
7967662
6859283
3475898
9866949
9577296
3942744
4458963
9393698
9424447
2569899
8222374
9656824
9933789
4933883
2248993
4569854
2355572
4377835
6288276
5338352
6986934
6546436
2964669
5873444
3787934
6472464
4925267
7545925
7686784
8587639
3825338
3635264
7786735
3999966
3752729
7757697
3986544
2768446
3644234
6786863
5342622
2535824
9452648
2357748
6246684
6632887
8433757
4263523
5763247
5392763
5374574
5948965
6874628
9252746
5453683
2428923
8552384
2229563
6937274
8987472
4633558
3982637
9537855
9424997
5663768
9923484
7325482
6342492
8779287
9428778
3442546
3565699
4582936
9453742
9676953
2352877
7946476
4577476
3373224
6268376
7336589
7557896
6933368
3676433
5675226
3822678
8525266
7598676
4277259
2396669
8262766
3848776
7445566
6399727
3926698
4782998
3858967
5949947
6579388
2745842
9596332
9827276
4326982
4563666
2592372
2935727
2269254
2723867
4476645
4985625
6624794
5489286
3544284
8349545
4972736
7693345
5946447
9392877
5443629
6927296
5355376
8573268
3538324
7389834
6466399
6954523
6934799
9278962
3786669
6793426
5462376
7573937
7228224
8768765
5772945
7349993
4779383
3246793
8595457
8689335
9326325
2474293
4337422
5444726
7995872
3944223
4636893
6269987
3864262
7597224
4786284
9894949
4536967
2483694
8694586
9876843
2443696
6283532
3535774
7487545
5464829
8493252
8598497
9995679
2675797
6497295
4976554
3542833
2627844
2494422
4523326
7559326
2599968
6748397
9472694
4449698
7457575
5733494
3849864
3793578
4954274
9982266
2842643
6238526
2573436
8764594
9493848
7675435
4953977
7439659
7765728
4287338
6948749
3945349
8398772
3853685
8868865
3532379
9726596
4327822
7278339
7526459
7925254
3378868
6463986
7488347
4792252
6358634
5693265
2566826
4835493
5766689
4745486
2337294
6367226
6987629
2672244
7952473
5953526
7652469
9343892
5432945
8894379
3823564
5724584
7968865
9648487
6882679
8989275
3396656
7544226
7244228
3448387
9743229
5395445
3853496
8638779
4497862
5845748
8737839
4294944
6255934
9527426
2459366
7278374
9463552
9497799
8596775
3238447
8742548
9799536
6636372
8578677
9364383
9278854
5983386
3424382
9963396
4383455
8447755
5827285
5729235
6647963
3545653
7754575
2539748
4792764
4687355
4737683
7258834
2537367
4556352
8847734
9328895
8486933
5534324
6685779
5988424
6526587
9425663
3636299
6676248
5992275
4232586
8448335
6768648
8368953
4959658
2656477
6566469
2686774
8397684
5236773
9478685
6783275
4762399
6336269
5789258
9766453
9268948
6872534
5794787
5738483
4448595
7685598
8723964
3387557
5892778
3655493
7448339
8484462
5469557
2883557
3459922
4957643
9343736
5955529
3357443
5828552
4763673
7435664
5785866
6226637
7979726
5444854
5267772
3954955
8849963
5862585
5499499
9852459
7999226
9836969
2362335
3525968
8562852
8549364
7735236
3842758
6638962
2247697
3695252
7897697
2576999
3566546
9666986
3633357
7575944
2473337
6272329
7879535
7366775
2837886
8855366
6484796
8347345
7254225
2259662
6563962
7666382
8948753
5725658
6982339
9887482
8624946
3457498
9595557
2357472
7332533
7678476
5468688
7563325
4547262
6392966
9662998
2468382
6477673
3574977
4843257
5425392
4898329
8246262
6987648
8498238
5382885
9269288
2784559
5373374
4737852
8245575
7492277
4686926
3559249
2297664
3934474
7352498
5868446
2227946
9338434
8927929
6666884
8954443
2279585
3977279
8268557
9736688
5827322
7328824
3854389
7937923
7574423
8597855
9454435
3542432
3277646
3789265
3952464
4367825
8456268
8474933
4499496
3596577
3734398
5454374
7263722
2259525
3833682
4852395
2229355
7399645
7437893
5484599
8593723
6624488
6648848
5547272
4652359
6363467
5552879
6939372
6623736
8946933
4724296
4934583
5525787
6298532
6562345
4382247
7589399
6536874
5945494
4585785
6955229
9797432
2483524
4965767
8763854
8254837
3955944
5887289
6564344
7665572
5855945
4226725
4334769
9932293
5944946
8233253
6287637
5728949
7786237
4657694
4545857
8974338
2964586
3268975
7653475
3237969
5337242
9257567
8638757
8962433
2653834
3265565
5457883
3688788
2765248
2672295
6843895
6295868
7877749
3527295
8994466
5499357
2683489
4774868
6873979
2558668
3699797
6468375
6267542
6353859
2483553
5895437
9355256
2972728
5939378
5536737
5822767
5694584
5722836
7724492
3466669
9235779
9623874
9656875
4526286
8872557
4668753
8893837
8669646
3385655
3437724
5437823
3992347
6743382
3486252
2984779
8462897
7896524
6895428
8783759
9497383
9794654
6769954
2979582
7495779
3597747
4549456
7742354
6394596
9254785
3648256
7463759
9248772
8735592
5484463
7542874
7769849
6369743
9959688
2576697
9566248
7525679
2764568
4729254
9723457
4327852
4634524
9349664
5852462
3742866
8965338
3838395
6948637
5933337
4798726
5222329
8473646
7754292
4334365
6287252
9853597
5242524
6479693
2394699
3585672
2843638
7838869
3324333
3378273
4389779
9876228
3289273
6556895
9463758
6338223
2594855
6673539
9939538
9762435
7898993
9279366
7334949
7666634
7493963
4733655
3866925
6535878
2946545
7928476
2772337
5986727
3243297
5368587
3995473
7446522
3629956
8827588
8874984
9397644
9869596
2398884
9646494
3642225
7788854
2226866
9678754
6546343
2692672
4577264
3383967
6433394
5366332
5647229
9275449
3546757
9258723
2683288
4572462
4676722
5348553
4295927
9884595
7939649
9456287
8638948
2572576
4728967
6884242
7484447
7642366
5926577
6688996
9346642
2696688
3488276
8343567
2925769
3768998
7843245
3762697
2774823
8634254
3355328
8774569
5445689
7867322
9755876
5932247
2487934
8699422
7876574
7233685
8783266
3663393
5347924
4887925
7258763
5834672
8748383
5363764
2744753
6538984
8447444
7965323
8743397
2855335
2523356
2833986
5598236
5226478
7663788
2438899
4546272
3538648
5868893
5973338
7958787
5397679
2589455
9875293
9328455
8322276
8937588
3246758
7443345
6977444
3789636
6449927
4293367
8499975
8923837
3782646
7635598
2454523
5255629
6332783
4932636
5226247
5482787
8532852
3235938
3526944
9639584
3787682
6277276
2356727
3348978
7279646
3666559
7798278
7482833
5472832
6373994
3853935
5822627
3957663
4458554
5487494
7993477
7859288
9756332
7237628
9892487
4888583
7729479
7636455
3386846
7599879
2957627
7259472
5352975
6823422
5629796
7692429
2828926
3994737
5235686
3246238
3849825
9452823
6549254
7232987
8366437
9255525
8944479
6354837
8822466
5772633
7755247
4699255
9368888
4885324
4674773
6675358
2638883
5233437
5984872
5559687
6676387
3254625
9345434
2474628
6554344
5556252
2274867
4779226
7889338
6544926
3638524
9355468
4535642
4955433
3899959
9689543
3298632
7689883
9587676
7978274
8948729
7947439
4628595
2644426
4378697
2666396
4493566
4395896
4736774
8662954
2426752
8542364
5634747
6747576
3729943
5663975
6448963
9293889
5537636
5535826
8489882
9324244
4866666
8387747
7625653
9482235
5223866
3595376
7283734
8296676
9874478
6429233
5652769
4757667
4569595
5458287
9626479
3376589
8444679
4473476
2365572
5349268
4558574
5754842
2259532
8649438
2628745
4456457
5569957
7222339
9355494
7396295
5934935
6777537
3459745
5586692
4693975
9984225
2489855
9733279
8682848
5438733
2877499
2786269
5673974
6377272
4957548
2857653
5475588
6393892
3758342
9398362
8744795
4674972
3857752
6989874
8699636
2585539
2245924
8267945
6294888
4536276
4589286
9248485
7489822
7664778
3524859
2824973
3475223
6337427
6933235
2428435
6442569
7963596
9545272
5322499
7226723
8826297
5979248
9677255
2539264
4628284
9756267
7546767
3826726
6243626
5744726
7478696
7497929
8856589
9279888
6888877
4627364
4275988
6527849
5659276
9832989
7254375
3756642
9438325
3223443
5984964
3498957
3959432
4596252
6645642
3445465
8479936
9532727
5584544
6533836
7962485
2936787
9844573
2326789
6986496
7937858
2486226
6478758
8643689
5787792
8659746
5897642
7543879
3782774
6969745
4492629
5964535
3956279
3677923
2833499
4988983
9444728
3364769
8624435
9328555
2556726
5789447
2824472
8375873
4686567
4689528
7289935
6633579
7926945
8378625
2337349
2692275
4867446
6789988
7777454
5837895
5323457
2685749
4886324
8872383
6252372
6548332
3877878
6936478
3278233
3394829
9462954
5437529
7435763
9282237
5784657
9274347
3247279
7547828
8592822
2743574
5677553
5895532
6852555
4438734
3252877
6655825
3373633
8596792
5353674
4928993
8384774
7962235
4939774
6964737
9434259
5944467
3745928
6423389
2875755
6554728
5384273
4895494
7432975
4499628
9639942
3835654
3259448
3284857
2354739
5923786
6284872
6225998
2325926
4944896
8537634
3799697
5364337
3757799
2466846
7378967
5638264
2252293
3522668
2776783
3364378
5456648
5823862
4923968
4533938
2393488
5337629
2342957
9579283
9367933
7976332
8239394
3236434
6638349
4853388
8739986
2569386
8336355
2969533
5427329
2642767
4242672
3769898
3752649
5297792
6556972
6478782
5947479
2925246
5532799
7664266
4488779
4682543
7964957
2455272
5762538
7567386
2986485
9985569
7366998
2282469
3657789
9564942
2538598
7472527
4427947
7885244
5766248
3996347
3455264
7825489
4727235
9876389
5626397
2989563
6822622
7264539
2794779
9553285
6359446
5244382
5424663
7594294
9696957
2539377
5786684
9569899
4528225
6797942
5269299
3925439
3584643
9484559
4362463
8696945
8936984
6472875
7445995
8495558
5698333
5687348
3646822
6589999
6496675
2466589
5847926
6463386
3853582
8269298
6856496
6999486
4767968
6623264
7627685
8675875
3299468
5353543
8943389
8976885
5962677
6626574
8342635
4672589
5643696
7225538
9238292
2384648
8247776
2268932
3329337
9359399
4682385
9638855
5743835
5954942
7957243
2322745
6592536
9939938
2722847
4792538
6448454
4472885
2844748
7686264
4836463
5637666
6454473
4322864
5852725
9857824
6646228
9558597
2858667
2889863
8433283
8346657
8667893
4699773
6345552
4589785
2873673
7843477
7947955
9953822
9377783
9468289
4345879
3399922
5456788
2285287
9384874
7998492
3967479
4558988
9657439
7926588
4823249
3566388
2955787
8496929
7577893
9245259
9328788
4689523
4973635
5936838
7779692
4493657
5966438
3457423
5985728
6327256
7736423
5474666
4638536
6236435
8897275
7479664
8744277
8645495
5482767
4648766
2676466
3565949
8875644
9833486
4967649
3493797
7573473
2753595
8454544
7995899
6842976
2932325
4258258
2976547
9969269
4632639
4728337
7724572
5933364
4476542
7442663
7592279
2984398
5282349
5879272
5576752
6397628
7874589
2569898
8873768
2938739
3468597
4926837
2679644
2657236
6929297
9367954
8422478
6843239
7489728
8566887
4966455
3299566
6984498
3682897
9752683
4367635
2722337
8225274
8969697
4757896
9787632
6727543
9725954
2882773
8337263
2338393
3653368
9783874
2934769
9866286
5976685
5433999
2897748
4999963
5825939
3635927
3324537
5663836
4754835
6336744
4262449
9474266
7244363
5672672
7527369
8699325
2793245
7788839
6679553
4473525
7924632
5594462
8934585
9779987
7946243
4975337
4836868
3998225
9287823
8949595
2866927
8546549
8827339
2878894
4447785
5536374
3269397
3449976
5446556
6645827
4767925
8335957
8458223
3844649
7334448
8489523
9982947
5838593
4648294
8489499
6878935
7367547
6838295
5944756
6624234
5244922
7389862
4568595
5598622
5442856
6627543
7675372
6963533
4399668
2268888
9242642
2492469
4485832
2832955
9753572
9424488
3426548
8254736
2933939
9542798
6636686
6957527
8293842
9826362
9845937
2582467
4932333
9893862
4722693
7746497
7636352
3658679
3884463
8583333
6497527
4868682
9284729
6767469
6849285
7566778
7435834
4557823
3548587
5248365
4647569
8824478
6344786
7875369
5358992
8573899
5567457
8488223
2928567
5733347
5462343
7595547
4669836
4776892
7499693
8837725
8456739
3992532
2839533
9349239
3998584
7729924
5734262
4545663
4438237
9797979
2828739
6484784
9747666
6344422
5775843
4566894
4736274
2357666
6473843
3235454
5799392
3496537
3358964
3674592
6486722
8388325
9238299
9399883
8566473
6643567
2837798
3432637
9472697
2525689
5784928
2873778
5957895
2363728
3935737
4662392
5755759
3973737
8724685
9975289
8899966
2963938
2639539
2952842
7755226
5277377
4935378
5527843
3234525
3835225
4478846
7477232
5993576
3239527
5554799
2933758
2445623
3589772
7357588
8247445
6987449
5226395
5386746
8648645
4372598
2652975
3524665
8238549
6862985
9447222
3287229
9388575
2435457
8896365
5539676
2336788
7842346
4938929
8876422
8335289
5855347
9866689
7545833
7827678
2226254
6526258
8846483
5643574
5798272
9835828
5238325
8325643
4983952
9976873
5837327
8456342
6934364
8989856
3685236
7452289
2393444
4299442
4678227
7563462
2833725
4796657
9389757
7665298
3995295
2668343
9368242
5958485
7654357
8744236
5347744
